ambient[] = {0.6,0.6,0.6,1};
diffuse[] = {0.4,0.4,0.4,1};
forcedDiffuse[] = {0,0,0,1};
emmisive[] = {0,0,0,0};
specular[] = {0.05,0.05,0.05,0};//specular[] = {0.62352943,0.62352943,0.62352943,1};
specularPower = 4;
PixelShaderID = "Super";
VertexShaderID = "Super";
